          0.16525580           0.09715010           0.05754885           0.02302831           0.00507299           0.06365239           0.00000000           0.04028349           0.00000000           0.01697551           0.00000000           0.00386832           0.00000000           0.00000000           0.00000000           0.00000000           0.00000000           0.00000000           0.00000000           0.00000000           0.00000000           0.00000000           0.00000000           0.00000000           0.00000000           0.00000000           0.00000000           0.00000000           0.00000000           0.00000000           0.00000000           0.00000000           0.00000000           0.00000000           0.00000000           0.00000000           0.00000000           0.00000000           0.00000000           0.00000000
          0.09715010           0.15346360           0.13816985           0.08116781           0.02632013           0.00000000           0.00000000           0.00000000           0.00000000           0.00000000           0.00000000           0.00000000           0.00000000           0.00000000           0.00000000           0.00000000           0.00000000           0.00000000           0.00000000           0.00000000           0.00000000           0.00000000           0.00000000           0.00000000           0.00000000           0.00000000           0.00000000           0.00000000           0.00000000           0.00000000           0.00000000           0.00000000           0.00000000           0.00000000           0.00000000           0.00000000           0.00000000           0.00000000           0.00000000           0.00000000
          0.05754885           0.13816985           0.18262757           0.15792077           0.07847900           0.00000000           0.00000000           0.00000000           0.00000000           0.00000000           0.00000000           0.00000000           0.00000000           0.00000000           0.00000000           0.00000000           0.00000000           0.00000000           0.00000000           0.00000000           0.00000000           0.00000000           0.00000000           0.00000000           0.00000000           0.00000000           0.00000000           0.00000000           0.00000000           0.00000000           0.00000000           0.00000000           0.00000000           0.00000000           0.00000000           0.00000000           0.00000000           0.00000000           0.00000000           0.00000000
          0.02302831           0.08116781           0.15792077           0.20927733           0.17660379           0.00000000           0.00000000           0.00000000           0.00000000           0.00000000           0.00000000           0.00000000           0.00000000           0.00000000           0.00000000           0.00000000           0.00000000           0.00000000           0.00000000           0.00000000           0.00000000           0.00000000           0.00000000           0.00000000           0.00000000           0.00000000           0.00000000           0.00000000           0.00000000           0.00000000           0.00000000           0.00000000           0.00000000           0.00000000           0.00000000           0.00000000           0.00000000           0.00000000           0.00000000           0.00000000
          0.00507299           0.02632013           0.07847900           0.17660379           0.47584812           0.00000000           0.06285394           0.00000000           0.02357023           0.00000000           0.00673435           0.00000000           0.00112239           0.00000000           0.00000000           0.00000000           0.00000000           0.00000000           0.00000000           0.00000000           0.00000000           0.00000000           0.00000000           0.00000000           0.00000430           0.00000000           0.00005162           0.00000000           0.00033552           0.00000000           0.00156577           0.00000000           0.00839935           0.00000000           0.00302560           0.00000000           0.00358613           0.00000000           0.00421422           0.00000000
          0.06365239           0.00000000           0.00000000           0.00000000           0.00000000           0.10742264           0.00000000           0.10185308           0.00000000           0.06189318           0.00000000           0.02027986           0.00000000           0.00000000           0.00000000           0.00000000           0.00000000           0.00000000           0.00000000           0.00000000           0.00000000           0.00000000           0.00000000           0.00000000           0.00000000           0.00000000           0.00000000           0.00000000           0.00000000           0.00000000           0.00000000           0.00000000           0.00000000           0.00000000           0.00000000           0.00000000           0.00000000           0.00000000           0.00000000           0.00000000
          0.00000000           0.00000000           0.00000000           0.00000000           0.06285394           0.00000000           0.06285394           0.00000000           0.04040610           0.00000000           0.01795827           0.00000000           0.00448957           0.00000000           0.00000000           0.00000000           0.00000000           0.00000000           0.00000000           0.00000000           0.00000000           0.00000000           0.00000000           0.00000000           0.00006622           0.00000000           0.00062777           0.00000000           0.00324625           0.00000000           0.01209029           0.00000000           0.04763438           0.00000000           0.01279885           0.00000000           0.01418234           0.00000000           0.01561917           0.00000000
          0.04028349           0.00000000           0.00000000           0.00000000           0.00000000           0.10185308           0.00000000           0.13925965           0.00000000           0.12167919           0.00000000           0.05918881           0.00000000           0.00000000           0.00000000           0.00000000           0.00000000           0.00000000           0.00000000           0.00000000           0.00000000           0.00000000           0.00000000           0.00000000           0.00000000           0.00000000           0.00000000           0.00000000           0.00000000           0.00000000           0.00000000           0.00000000           0.00000000           0.00000000           0.00000000           0.00000000           0.00000000           0.00000000           0.00000000           0.00000000
          0.00000000           0.00000000           0.00000000           0.00000000           0.02357023           0.00000000           0.04040610           0.00000000           0.04040610           0.00000000           0.02693740           0.00000000           0.01010153           0.00000000           0.00000000           0.00000000           0.00000000           0.00000000           0.00000000           0.00000000           0.00000000           0.00000000           0.00000000           0.00000000           0.00047846           0.00000000           0.00343041           0.00000000           0.01355352           0.00000000           0.03868590           0.00000000           0.10784643           0.00000000           0.02041136           0.00000000           0.02115270           0.00000000           0.02181349           0.00000000
          0.01697551           0.00000000           0.00000000           0.00000000           0.00000000           0.06189318           0.00000000           0.12167919           0.00000000           0.15783682           0.00000000           0.12475005           0.00000000           0.00000000           0.00000000           0.00000000           0.00000000           0.00000000           0.00000000           0.00000000           0.00000000           0.00000000           0.00000000           0.00000000           0.00000000           0.00000000           0.00000000           0.00000000           0.00000000           0.00000000           0.00000000           0.00000000           0.00000000           0.00000000           0.00000000           0.00000000           0.00000000           0.00000000           0.00000000           0.00000000
          0.00000000           0.00000000           0.00000000           0.00000000           0.00673435           0.00000000           0.01795827           0.00000000           0.02693740           0.00000000           0.02693740           0.00000000           0.01571348           0.00000000           0.00000000           0.00000000           0.00000000           0.00000000           0.00000000           0.00000000           0.00000000           0.00000000           0.00000000           0.00000000           0.00210010           0.00000000           0.01068677           0.00000000           0.03054288           0.00000000           0.06337632           0.00000000           0.11883604           0.00000000           0.01454232           0.00000000           0.01410180           0.00000000           0.01360757           0.00000000
          0.00386832           0.00000000           0.00000000           0.00000000           0.00000000           0.02027986           0.00000000           0.05918881           0.00000000           0.12475005           0.00000000           0.41581618           0.00000000           0.12475005           0.00000000           0.05918881           0.00000000           0.02027986           0.00000000           0.00386832           0.00000000           0.00000000           0.00000000           0.00000000           0.00000000           0.00000000           0.00000000           0.00000000           0.00000000           0.00000000           0.00000000           0.00000000           0.00000000           0.00000000           0.00000000           0.00000000           0.00000000           0.00000000           0.00000000           0.00000000
          0.00000000           0.00000000           0.00000000           0.00000000           0.00112239           0.00000000           0.00448957           0.00000000           0.01010153           0.00000000           0.01571348           0.00000000           0.03142697           0.00000000           0.01571348           0.00000000           0.01010153           0.00000000           0.00448957           0.00000000           0.00000000           0.00000000           0.00000000           0.00112239           0.00553315           0.00553315           0.01793238           0.01793238           0.03414418           0.03414418           0.04792643           0.04792643           0.05645935           0.05645935           0.00390479           0.00390479           0.00354558           0.00354558           0.00319971           0.00319971
          0.00000000           0.00000000           0.00000000           0.00000000           0.00000000           0.00000000           0.00000000           0.00000000           0.00000000           0.00000000           0.00000000           0.12475005           0.00000000           0.15783682           0.00000000           0.12167919           0.00000000           0.06189318           0.00000000           0.01697551           0.00000000           0.00000000           0.00000000           0.00000000           0.00000000           0.00000000           0.00000000           0.00000000           0.00000000           0.00000000           0.00000000           0.00000000           0.00000000           0.00000000           0.00000000           0.00000000           0.00000000           0.00000000           0.00000000           0.00000000
          0.00000000           0.00000000           0.00000000           0.00000000           0.00000000           0.00000000           0.00000000           0.00000000           0.00000000           0.00000000           0.00000000           0.00000000           0.01571348           0.00000000           0.02693740           0.00000000           0.02693740           0.00000000           0.01795827           0.00000000           0.00000000           0.00000000           0.00000000           0.00673435           0.00000000           0.00210010           0.00000000           0.01068677           0.00000000           0.03054288           0.00000000           0.06337632           0.00000000           0.11883604           0.00000000           0.01454232           0.00000000           0.01410180           0.00000000           0.01360757
          0.00000000           0.00000000           0.00000000           0.00000000           0.00000000           0.00000000           0.00000000           0.00000000           0.00000000           0.00000000           0.00000000           0.05918881           0.00000000           0.12167919           0.00000000           0.13925965           0.00000000           0.10185308           0.00000000           0.04028349           0.00000000           0.00000000           0.00000000           0.00000000           0.00000000           0.00000000           0.00000000           0.00000000           0.00000000           0.00000000           0.00000000           0.00000000           0.00000000           0.00000000           0.00000000           0.00000000           0.00000000           0.00000000           0.00000000           0.00000000
          0.00000000           0.00000000           0.00000000           0.00000000           0.00000000           0.00000000           0.00000000           0.00000000           0.00000000           0.00000000           0.00000000           0.00000000           0.01010153           0.00000000           0.02693740           0.00000000           0.04040610           0.00000000           0.04040610           0.00000000           0.00000000           0.00000000           0.00000000           0.02357023           0.00000000           0.00047846           0.00000000           0.00343041           0.00000000           0.01355352           0.00000000           0.03868590           0.00000000           0.10784643           0.00000000           0.02041136           0.00000000           0.02115270           0.00000000           0.02181349
          0.00000000           0.00000000           0.00000000           0.00000000           0.00000000           0.00000000           0.00000000           0.00000000           0.00000000           0.00000000           0.00000000           0.02027986           0.00000000           0.06189318           0.00000000           0.10185308           0.00000000           0.10742264           0.00000000           0.06365239           0.00000000           0.00000000           0.00000000           0.00000000           0.00000000           0.00000000           0.00000000           0.00000000           0.00000000           0.00000000           0.00000000           0.00000000           0.00000000           0.00000000           0.00000000           0.00000000           0.00000000           0.00000000           0.00000000           0.00000000
          0.00000000           0.00000000           0.00000000           0.00000000           0.00000000           0.00000000           0.00000000           0.00000000           0.00000000           0.00000000           0.00000000           0.00000000           0.00448957           0.00000000           0.01795827           0.00000000           0.04040610           0.00000000           0.06285394           0.00000000           0.00000000           0.00000000           0.00000000           0.06285394           0.00000000           0.00006622           0.00000000           0.00062777           0.00000000           0.00324625           0.00000000           0.01209029           0.00000000           0.04763438           0.00000000           0.01279885           0.00000000           0.01418234           0.00000000           0.01561917
          0.00000000           0.00000000           0.00000000           0.00000000           0.00000000           0.00000000           0.00000000           0.00000000           0.00000000           0.00000000           0.00000000           0.00386832           0.00000000           0.01697551           0.00000000           0.04028349           0.00000000           0.06365239           0.00000000           0.16525580           0.09715010           0.05754885           0.02302831           0.00507299           0.00000000           0.00000000           0.00000000           0.00000000           0.00000000           0.00000000           0.00000000           0.00000000           0.00000000           0.00000000           0.00000000           0.00000000           0.00000000           0.00000000           0.00000000           0.00000000
          0.00000000           0.00000000           0.00000000           0.00000000           0.00000000           0.00000000           0.00000000           0.00000000           0.00000000           0.00000000           0.00000000           0.00000000           0.00000000           0.00000000           0.00000000           0.00000000           0.00000000           0.00000000           0.00000000           0.09715010           0.15346360           0.13816985           0.08116781           0.02632013           0.00000000           0.00000000           0.00000000           0.00000000           0.00000000           0.00000000           0.00000000           0.00000000           0.00000000           0.00000000           0.00000000           0.00000000           0.00000000           0.00000000           0.00000000           0.00000000
          0.00000000           0.00000000           0.00000000           0.00000000           0.00000000           0.00000000           0.00000000           0.00000000           0.00000000           0.00000000           0.00000000           0.00000000           0.00000000           0.00000000           0.00000000           0.00000000           0.00000000           0.00000000           0.00000000           0.05754885           0.13816985           0.18262757           0.15792077           0.07847900           0.00000000           0.00000000           0.00000000           0.00000000           0.00000000           0.00000000           0.00000000           0.00000000           0.00000000           0.00000000           0.00000000           0.00000000           0.00000000           0.00000000           0.00000000           0.00000000
          0.00000000           0.00000000           0.00000000           0.00000000           0.00000000           0.00000000           0.00000000           0.00000000           0.00000000           0.00000000           0.00000000           0.00000000           0.00000000           0.00000000           0.00000000           0.00000000           0.00000000           0.00000000           0.00000000           0.02302831           0.08116781           0.15792077           0.20927733           0.17660379           0.00000000           0.00000000           0.00000000           0.00000000           0.00000000           0.00000000           0.00000000           0.00000000           0.00000000           0.00000000           0.00000000           0.00000000           0.00000000           0.00000000           0.00000000           0.00000000
          0.00000000           0.00000000           0.00000000           0.00000000           0.00000000           0.00000000           0.00000000           0.00000000           0.00000000           0.00000000           0.00000000           0.00000000           0.00112239           0.00000000           0.00673435           0.00000000           0.02357023           0.00000000           0.06285394           0.00507299           0.02632013           0.07847900           0.17660379           0.47584812           0.00000000           0.00000430           0.00000000           0.00005162           0.00000000           0.00033552           0.00000000           0.00156577           0.00000000           0.00839935           0.00000000           0.00302560           0.00000000           0.00358613           0.00000000           0.00421422
          0.00000000           0.00000000           0.00000000           0.00000000           0.00000430           0.00000000           0.00006622           0.00000000           0.00047846           0.00000000           0.00210010           0.00000000           0.00553315           0.00000000           0.00000000           0.00000000           0.00000000           0.00000000           0.00000000           0.00000000           0.00000000           0.00000000           0.00000000           0.00000000           0.00115708           0.00000000           0.00231417           0.00000000           0.00247947           0.00000000           0.00165298           0.00000000           0.00057854           0.00000000           0.00000000           0.00000000           0.00000000           0.00000000           0.00000000           0.00000000
          0.00000000           0.00000000           0.00000000           0.00000000           0.00000000           0.00000000           0.00000000           0.00000000           0.00000000           0.00000000           0.00000000           0.00000000           0.00553315           0.00000000           0.00210010           0.00000000           0.00047846           0.00000000           0.00006622           0.00000000           0.00000000           0.00000000           0.00000000           0.00000430           0.00000000           0.00115708           0.00000000           0.00231417           0.00000000           0.00247947           0.00000000           0.00165298           0.00000000           0.00057854           0.00000000           0.00000000           0.00000000           0.00000000           0.00000000           0.00000000
          0.00000000           0.00000000           0.00000000           0.00000000           0.00005162           0.00000000           0.00062777           0.00000000           0.00343041           0.00000000           0.01068677           0.00000000           0.01793238           0.00000000           0.00000000           0.00000000           0.00000000           0.00000000           0.00000000           0.00000000           0.00000000           0.00000000           0.00000000           0.00000000           0.00231417           0.00000000           0.00661191           0.00000000           0.00991786           0.00000000           0.00925667           0.00000000           0.00462834           0.00000000           0.00000000           0.00000000           0.00000000           0.00000000           0.00000000           0.00000000
          0.00000000           0.00000000           0.00000000           0.00000000           0.00000000           0.00000000           0.00000000           0.00000000           0.00000000           0.00000000           0.00000000           0.00000000           0.01793238           0.00000000           0.01068677           0.00000000           0.00343041           0.00000000           0.00062777           0.00000000           0.00000000           0.00000000           0.00000000           0.00005162           0.00000000           0.00231417           0.00000000           0.00661191           0.00000000           0.00991786           0.00000000           0.00925667           0.00000000           0.00462834           0.00000000           0.00000000           0.00000000           0.00000000           0.00000000           0.00000000
          0.00000000           0.00000000           0.00000000           0.00000000           0.00033552           0.00000000           0.00324625           0.00000000           0.01355352           0.00000000           0.03054288           0.00000000           0.03414418           0.00000000           0.00000000           0.00000000           0.00000000           0.00000000           0.00000000           0.00000000           0.00000000           0.00000000           0.00000000           0.00000000           0.00247947           0.00000000           0.00991786           0.00000000           0.02082751           0.00000000           0.02777001           0.00000000           0.02082751           0.00000000           0.00000000           0.00000000           0.00000000           0.00000000           0.00000000           0.00000000
          0.00000000           0.00000000           0.00000000           0.00000000           0.00000000           0.00000000           0.00000000           0.00000000           0.00000000           0.00000000           0.00000000           0.00000000           0.03414418           0.00000000           0.03054288           0.00000000           0.01355352           0.00000000           0.00324625           0.00000000           0.00000000           0.00000000           0.00000000           0.00033552           0.00000000           0.00247947           0.00000000           0.00991786           0.00000000           0.02082751           0.00000000           0.02777001           0.00000000           0.02082751           0.00000000           0.00000000           0.00000000           0.00000000           0.00000000           0.00000000
          0.00000000           0.00000000           0.00000000           0.00000000           0.00156577           0.00000000           0.01209029           0.00000000           0.03868590           0.00000000           0.06337632           0.00000000           0.04792643           0.00000000           0.00000000           0.00000000           0.00000000           0.00000000           0.00000000           0.00000000           0.00000000           0.00000000           0.00000000           0.00000000           0.00165298           0.00000000           0.00925667           0.00000000           0.02777001           0.00000000           0.05554002           0.00000000           0.06942503           0.00000000           0.00000000           0.00000000           0.00000000           0.00000000           0.00000000           0.00000000
          0.00000000           0.00000000           0.00000000           0.00000000           0.00000000           0.00000000           0.00000000           0.00000000           0.00000000           0.00000000           0.00000000           0.00000000           0.04792643           0.00000000           0.06337632           0.00000000           0.03868590           0.00000000           0.01209029           0.00000000           0.00000000           0.00000000           0.00000000           0.00156577           0.00000000           0.00165298           0.00000000           0.00925667           0.00000000           0.02777001           0.00000000           0.05554002           0.00000000           0.06942503           0.00000000           0.00000000           0.00000000           0.00000000           0.00000000           0.00000000
          0.00000000           0.00000000           0.00000000           0.00000000           0.00839935           0.00000000           0.04763438           0.00000000           0.10784643           0.00000000           0.11883604           0.00000000           0.05645935           0.00000000           0.00000000           0.00000000           0.00000000           0.00000000           0.00000000           0.00000000           0.00000000           0.00000000           0.00000000           0.00000000           0.00057854           0.00000000           0.00462834           0.00000000           0.02082751           0.00000000           0.06942503           0.00000000           0.21983164           0.00000000           0.01477067           0.00000000           0.00646498           0.00000000           0.00219989           0.00000000
          0.00000000           0.00000000           0.00000000           0.00000000           0.00000000           0.00000000           0.00000000           0.00000000           0.00000000           0.00000000           0.00000000           0.00000000           0.05645935           0.00000000           0.11883604           0.00000000           0.10784643           0.00000000           0.04763438           0.00000000           0.00000000           0.00000000           0.00000000           0.00839935           0.00000000           0.00057854           0.00000000           0.00462834           0.00000000           0.02082751           0.00000000           0.06942503           0.00000000           0.21983164           0.00000000           0.01477067           0.00000000           0.00646498           0.00000000           0.00219989
          0.00000000           0.00000000           0.00000000           0.00000000           0.00302560           0.00000000           0.01279885           0.00000000           0.02041136           0.00000000           0.01454232           0.00000000           0.00390479           0.00000000           0.00000000           0.00000000           0.00000000           0.00000000           0.00000000           0.00000000           0.00000000           0.00000000           0.00000000           0.00000000           0.00000000           0.00000000           0.00000000           0.00000000           0.00000000           0.00000000           0.00000000           0.00000000           0.01477067           0.00000000           0.01723994           0.00000000           0.01319933           0.00000000           0.00718331           0.00000000
          0.00000000           0.00000000           0.00000000           0.00000000           0.00000000           0.00000000           0.00000000           0.00000000           0.00000000           0.00000000           0.00000000           0.00000000           0.00390479           0.00000000           0.01454232           0.00000000           0.02041136           0.00000000           0.01279885           0.00000000           0.00000000           0.00000000           0.00000000           0.00302560           0.00000000           0.00000000           0.00000000           0.00000000           0.00000000           0.00000000           0.00000000           0.00000000           0.00000000           0.01477067           0.00000000           0.01723994           0.00000000           0.01319933           0.00000000           0.00718331
          0.00000000           0.00000000           0.00000000           0.00000000           0.00358613           0.00000000           0.01418234           0.00000000           0.02115270           0.00000000           0.01410180           0.00000000           0.00354558           0.00000000           0.00000000           0.00000000           0.00000000           0.00000000           0.00000000           0.00000000           0.00000000           0.00000000           0.00000000           0.00000000           0.00000000           0.00000000           0.00000000           0.00000000           0.00000000           0.00000000           0.00000000           0.00000000           0.00646498           0.00000000           0.01319933           0.00000000           0.01616244           0.00000000           0.01373807           0.00000000
          0.00000000           0.00000000           0.00000000           0.00000000           0.00000000           0.00000000           0.00000000           0.00000000           0.00000000           0.00000000           0.00000000           0.00000000           0.00354558           0.00000000           0.01410180           0.00000000           0.02115270           0.00000000           0.01418234           0.00000000           0.00000000           0.00000000           0.00000000           0.00358613           0.00000000           0.00000000           0.00000000           0.00000000           0.00000000           0.00000000           0.00000000           0.00000000           0.00000000           0.00646498           0.00000000           0.01319933           0.00000000           0.01616244           0.00000000           0.01373807
          0.00000000           0.00000000           0.00000000           0.00000000           0.00421422           0.00000000           0.01561917           0.00000000           0.02181349           0.00000000           0.01360757           0.00000000           0.00319971           0.00000000           0.00000000           0.00000000           0.00000000           0.00000000           0.00000000           0.00000000           0.00000000           0.00000000           0.00000000           0.00000000           0.00000000           0.00000000           0.00000000           0.00000000           0.00000000           0.00000000           0.00000000           0.00000000           0.00219989           0.00000000           0.00718331           0.00000000           0.01373807           0.00000000           0.01867660           0.00000000
          0.00000000           0.00000000           0.00000000           0.00000000           0.00000000           0.00000000           0.00000000           0.00000000           0.00000000           0.00000000           0.00000000           0.00000000           0.00319971           0.00000000           0.01360757           0.00000000           0.02181349           0.00000000           0.01561917           0.00000000           0.00000000           0.00000000           0.00000000           0.00421422           0.00000000           0.00000000           0.00000000           0.00000000           0.00000000           0.00000000           0.00000000           0.00000000           0.00000000           0.00219989           0.00000000           0.00718331           0.00000000           0.01373807           0.00000000           0.01867660
